rank: 0
1 bytes:
0.000000 0.000000 0.000000 0.000000 
0.000000 0.000000 0.000000 0.000000 
0.000000 0.000000 0.000000 0.000000 
0.000000 0.000000 0.000000 0.000000 
0.000000 0.000280 0.000240 0.000224 
0.000256 0.000000 0.000000 0.000000 
0.000176 0.000000 0.000000 0.000000 
0.000312 0.000000 0.000000 0.000000 

2 bytes:
0.000000 0.000000 0.000000 0.000000 
0.000000 0.000000 0.000000 0.000000 
0.000000 0.000000 0.000000 0.000000 
0.000000 0.000000 0.000000 0.000000 
0.000000 0.000152 0.000184 0.000184 
0.000136 0.000000 0.000000 0.000000 
0.000160 0.000000 0.000000 0.000000 
0.000150 0.000000 0.000000 0.000000 

4 bytes:
0.000000 0.000000 0.000000 0.000000 
0.000000 0.000000 0.000000 0.000000 
0.000000 0.000000 0.000000 0.000000 
0.000000 0.000000 0.000000 0.000000 
0.000000 0.000152 0.000160 0.000144 
0.000136 0.000000 0.000000 0.000000 
0.000152 0.000000 0.000000 0.000000 
0.000152 0.000000 0.000000 0.000000 

8 bytes:
0.000000 0.000000 0.000000 0.000000 
0.000000 0.000000 0.000000 0.000000 
0.000000 0.000000 0.000000 0.000000 
0.000000 0.000000 0.000000 0.000000 
0.000000 0.000160 0.000152 0.000152 
0.000136 0.000000 0.000000 0.000000 
0.000152 0.000000 0.000000 0.000000 
0.000152 0.000000 0.000000 0.000000 

16 bytes:
0.000000 0.000000 0.000000 0.000000 
0.000000 0.000000 0.000000 0.000000 
0.000000 0.000000 0.000000 0.000000 
0.000000 0.000000 0.000000 0.000000 
0.000000 0.000152 0.000168 0.000152 
0.000152 0.000000 0.000000 0.000000 
0.000184 0.000000 0.000000 0.000000 
0.000152 0.000000 0.000000 0.000000 

32 bytes:
0.000000 0.000000 0.000000 0.000000 
0.000000 0.000000 0.000000 0.000000 
0.000000 0.000000 0.000000 0.000000 
0.000000 0.000000 0.000000 0.000000 
0.000000 0.000168 0.000168 0.000145 
0.000152 0.000000 0.000000 0.000000 
0.000152 0.000000 0.000000 0.000000 
0.000160 0.000000 0.000000 0.000000 

64 bytes:
0.000000 0.000000 0.000000 0.000000 
0.000000 0.000000 0.000000 0.000000 
0.000000 0.000000 0.000000 0.000000 
0.000000 0.000000 0.000000 0.000000 
0.000000 0.000160 0.000160 0.000160 
0.000168 0.000000 0.000000 0.000000 
0.000160 0.000000 0.000000 0.000000 
0.000159 0.000000 0.000000 0.000000 

128 bytes:
0.000000 0.000000 0.000000 0.000000 
0.000000 0.000000 0.000000 0.000000 
0.000000 0.000000 0.000000 0.000000 
0.000000 0.000000 0.000000 0.000000 
0.000000 0.000160 0.000160 0.000160 
0.000152 0.000000 0.000000 0.000000 
0.000160 0.000000 0.000000 0.000000 
0.000160 0.000000 0.000000 0.000000 

256 bytes:
0.000000 0.000000 0.000000 0.000000 
0.000000 0.000000 0.000000 0.000000 
0.000000 0.000000 0.000000 0.000000 
0.000000 0.000000 0.000000 0.000000 
0.000000 0.000152 0.000160 0.000192 
0.000128 0.000000 0.000000 0.000000 
0.000160 0.000000 0.000000 0.000000 
0.000168 0.000000 0.000000 0.000000 

512 bytes:
0.000000 0.000000 0.000000 0.000000 
0.000000 0.000000 0.000000 0.000000 
0.000000 0.000000 0.000000 0.000000 
0.000000 0.000000 0.000000 0.000000 
0.000000 0.000167 0.000160 0.000160 
0.000152 0.000000 0.000000 0.000000 
0.000160 0.000000 0.000000 0.000000 
0.000152 0.000000 0.000000 0.000000 

1024 bytes:
0.000000 0.000000 0.000000 0.000000 
0.000000 0.000000 0.000000 0.000000 
0.000000 0.000000 0.000000 0.000000 
0.000000 0.000000 0.000000 0.000000 
0.000000 0.000168 0.000168 0.000192 
0.000216 0.000000 0.000000 0.000000 
0.000152 0.000000 0.000000 0.000000 
0.000160 0.000000 0.000000 0.000000 

2048 bytes:
0.000000 0.000000 0.000000 0.000000 
0.000000 0.000000 0.000000 0.000000 
0.000000 0.000000 0.000000 0.000000 
0.000000 0.000000 0.000000 0.000000 
0.000000 0.000168 0.000169 0.000168 
0.000216 0.000000 0.000000 0.000000 
0.000160 0.000000 0.000000 0.000000 
0.000166 0.000000 0.000000 0.000000 

4096 bytes:
0.000000 0.000000 0.000000 0.000000 
0.000000 0.000000 0.000000 0.000000 
0.000000 0.000000 0.000000 0.000000 
0.000000 0.000000 0.000000 0.000000 
0.000000 0.000184 0.000176 0.000200 
0.000224 0.000000 0.000000 0.000000 
0.000176 0.000000 0.000000 0.000000 
0.000184 0.000000 0.000000 0.000000 

8192 bytes:
0.000000 0.000000 0.000000 0.000000 
0.000000 0.000000 0.000000 0.000000 
0.000000 0.000000 0.000000 0.000000 
0.000000 0.000000 0.000000 0.000000 
0.000000 0.000200 0.000192 0.000192 
0.000240 0.000000 0.000000 0.000000 
0.000208 0.000000 0.000000 0.000000 
0.000208 0.000000 0.000000 0.000000 

16384 bytes:
0.000000 0.000000 0.000000 0.000000 
0.000000 0.000000 0.000000 0.000000 
0.000000 0.000000 0.000000 0.000000 
0.000000 0.000000 0.000000 0.000000 
0.000000 0.000224 0.000216 0.000208 
0.000271 0.000000 0.000000 0.000000 
0.000264 0.000000 0.000000 0.000000 
0.000280 0.000000 0.000000 0.000000 

32768 bytes:
0.000000 0.000000 0.000000 0.000000 
0.000000 0.000000 0.000000 0.000000 
0.000000 0.000000 0.000000 0.000000 
0.000000 0.000000 0.000000 0.000000 
0.000000 0.000328 0.000336 0.000328 
0.000369 0.000000 0.000000 0.000000 
0.000375 0.000000 0.000000 0.000000 
0.000354 0.000000 0.000000 0.000000 

65536 bytes:
0.000000 0.000000 0.000000 0.000000 
0.000000 0.000000 0.000000 0.000000 
0.000000 0.000000 0.000000 0.000000 
0.000000 0.000000 0.000000 0.000000 
0.000000 0.000440 0.000352 0.000344 
0.000376 0.000000 0.000000 0.000000 
0.000384 0.000000 0.000000 0.000000 
0.000392 0.000000 0.000000 0.000000 

131072 bytes:
0.000000 0.000000 0.000000 0.000000 
0.000000 0.000000 0.000000 0.000000 
0.000000 0.000000 0.000000 0.000000 
0.000000 0.000000 0.000000 0.000000 
0.000000 0.000448 0.000424 0.000432 
0.000439 0.000000 0.000000 0.000000 
0.000480 0.000000 0.000000 0.000000 
0.000487 0.000000 0.000000 0.000000 

262144 bytes:
0.000000 0.000000 0.000000 0.000000 
0.000000 0.000000 0.000000 0.000000 
0.000000 0.000000 0.000000 0.000000 
0.000000 0.000000 0.000000 0.000000 
0.000000 0.000544 0.000584 0.000600 
0.000568 0.000000 0.000000 0.000000 
0.000687 0.000000 0.000000 0.000000 
0.000688 0.000000 0.000000 0.000000 

524288 bytes:
0.000000 0.000000 0.000000 0.000000 
0.000000 0.000000 0.000000 0.000000 
0.000000 0.000000 0.000000 0.000000 
0.000000 0.000000 0.000000 0.000000 
0.000000 0.000760 0.000944 0.000888 
0.000816 0.000000 0.000000 0.000000 
0.001080 0.000000 0.000000 0.000000 
0.001088 0.000000 0.000000 0.000000 

1048576 bytes:
0.000000 0.000000 0.000000 0.000000 
0.000000 0.000000 0.000000 0.000000 
0.000000 0.000000 0.000000 0.000000 
0.000000 0.000000 0.000000 0.000000 
0.000000 0.002936 0.001632 0.001607 
0.001528 0.000000 0.000000 0.000000 
0.001896 0.000000 0.000000 0.000000 
0.001959 0.000000 0.000000 0.000000 

2097152 bytes:
0.000000 0.000000 0.000000 0.000000 
0.000000 0.000000 0.000000 0.000000 
0.000000 0.000000 0.000000 0.000000 
0.000000 0.000000 0.000000 0.000000 
0.000000 0.005552 0.002984 0.003256 
0.002320 0.000000 0.000000 0.000000 
0.003480 0.000000 0.000000 0.000000 
0.003568 0.000000 0.000000 0.000000 

4194304 bytes:
0.000000 0.000000 0.000000 0.000000 
0.000000 0.000000 0.000000 0.000000 
0.000000 0.000000 0.000000 0.000000 
0.000000 0.000000 0.000000 0.000000 
0.000000 0.010216 0.005656 0.006576 
0.004352 0.000000 0.000000 0.000000 
0.006600 0.000000 0.000000 0.000000 
0.006840 0.000000 0.000000 0.000000 

8388608 bytes:
0.000000 0.000000 0.000000 0.000000 
0.000000 0.000000 0.000000 0.000000 
0.000000 0.000000 0.000000 0.000000 
0.000000 0.000000 0.000000 0.000000 
0.000000 0.020664 0.011720 0.014016 
0.008584 0.000000 0.000000 0.000000 
0.012848 0.000000 0.000000 0.000000 
0.013624 0.000000 0.000000 0.000000 

rank: 1
1 bytes:
0.000000 0.000272 0.000000 0.000000 
0.000232 0.000000 0.000000 0.000000 
0.000000 0.000000 0.000000 0.000000 
0.000000 0.000000 0.000000 0.000000 
0.000000 0.000000 0.000000 0.000000 
0.000000 0.000000 0.000272 0.000288 
0.000000 0.000312 0.000000 0.000000 
0.000000 0.000240 0.000000 0.000000 

2 bytes:
0.000000 0.000136 0.000000 0.000000 
0.000144 0.000000 0.000000 0.000000 
0.000000 0.000000 0.000000 0.000000 
0.000000 0.000000 0.000000 0.000000 
0.000000 0.000000 0.000000 0.000000 
0.000000 0.000000 0.000160 0.000184 
0.000000 0.000160 0.000000 0.000000 
0.000000 0.000152 0.000000 0.000000 

4 bytes:
0.000000 0.000144 0.000000 0.000000 
0.000136 0.000000 0.000000 0.000000 
0.000000 0.000000 0.000000 0.000000 
0.000000 0.000000 0.000000 0.000000 
0.000000 0.000000 0.000000 0.000000 
0.000000 0.000000 0.000151 0.000144 
0.000000 0.000152 0.000000 0.000000 
0.000000 0.000144 0.000000 0.000000 

8 bytes:
0.000000 0.000144 0.000000 0.000000 
0.000136 0.000000 0.000000 0.000000 
0.000000 0.000000 0.000000 0.000000 
0.000000 0.000000 0.000000 0.000000 
0.000000 0.000000 0.000000 0.000000 
0.000000 0.000000 0.000152 0.000160 
0.000000 0.000144 0.000000 0.000000 
0.000000 0.000160 0.000000 0.000000 

16 bytes:
0.000000 0.000152 0.000000 0.000000 
0.000152 0.000000 0.000000 0.000000 
0.000000 0.000000 0.000000 0.000000 
0.000000 0.000000 0.000000 0.000000 
0.000000 0.000000 0.000000 0.000000 
0.000000 0.000000 0.000160 0.000168 
0.000000 0.000152 0.000000 0.000000 
0.000000 0.000152 0.000000 0.000000 

32 bytes:
0.000000 0.000152 0.000000 0.000000 
0.000152 0.000000 0.000000 0.000000 
0.000000 0.000000 0.000000 0.000000 
0.000000 0.000000 0.000000 0.000000 
0.000000 0.000000 0.000000 0.000000 
0.000000 0.000000 0.000168 0.000168 
0.000000 0.000152 0.000000 0.000000 
0.000000 0.000167 0.000000 0.000000 

64 bytes:
0.000000 0.000144 0.000000 0.000000 
0.000160 0.000000 0.000000 0.000000 
0.000000 0.000000 0.000000 0.000000 
0.000000 0.000000 0.000000 0.000000 
0.000000 0.000000 0.000000 0.000000 
0.000000 0.000000 0.000168 0.000160 
0.000000 0.000152 0.000000 0.000000 
0.000000 0.000152 0.000000 0.000000 

128 bytes:
0.000000 0.000136 0.000000 0.000000 
0.000152 0.000000 0.000000 0.000000 
0.000000 0.000000 0.000000 0.000000 
0.000000 0.000000 0.000000 0.000000 
0.000000 0.000000 0.000000 0.000000 
0.000000 0.000000 0.000168 0.000168 
0.000000 0.000160 0.000000 0.000000 
0.000000 0.000161 0.000000 0.000000 

256 bytes:
0.000000 0.000152 0.000000 0.000000 
0.000152 0.000000 0.000000 0.000000 
0.000000 0.000000 0.000000 0.000000 
0.000000 0.000000 0.000000 0.000000 
0.000000 0.000000 0.000000 0.000000 
0.000000 0.000000 0.000160 0.000160 
0.000000 0.000152 0.000000 0.000000 
0.000000 0.000152 0.000000 0.000000 

512 bytes:
0.000000 0.000144 0.000000 0.000000 
0.000153 0.000000 0.000000 0.000000 
0.000000 0.000000 0.000000 0.000000 
0.000000 0.000000 0.000000 0.000000 
0.000000 0.000000 0.000000 0.000000 
0.000000 0.000000 0.000168 0.000160 
0.000000 0.000152 0.000000 0.000000 
0.000000 0.000168 0.000000 0.000000 

1024 bytes:
0.000000 0.000168 0.000000 0.000000 
0.000160 0.000000 0.000000 0.000000 
0.000000 0.000000 0.000000 0.000000 
0.000000 0.000000 0.000000 0.000000 
0.000000 0.000000 0.000000 0.000000 
0.000000 0.000000 0.000168 0.000168 
0.000000 0.000160 0.000000 0.000000 
0.000000 0.000160 0.000000 0.000000 

2048 bytes:
0.000000 0.000136 0.000000 0.000000 
0.000160 0.000000 0.000000 0.000000 
0.000000 0.000000 0.000000 0.000000 
0.000000 0.000000 0.000000 0.000000 
0.000000 0.000000 0.000000 0.000000 
0.000000 0.000000 0.000176 0.000169 
0.000000 0.000168 0.000000 0.000000 
0.000000 0.000168 0.000000 0.000000 

4096 bytes:
0.000000 0.000160 0.000000 0.000000 
0.000168 0.000000 0.000000 0.000000 
0.000000 0.000000 0.000000 0.000000 
0.000000 0.000000 0.000000 0.000000 
0.000000 0.000000 0.000000 0.000000 
0.000000 0.000000 0.000176 0.000184 
0.000000 0.000168 0.000000 0.000000 
0.000000 0.000176 0.000000 0.000000 

8192 bytes:
0.000000 0.000184 0.000000 0.000000 
0.000176 0.000000 0.000000 0.000000 
0.000000 0.000000 0.000000 0.000000 
0.000000 0.000000 0.000000 0.000000 
0.000000 0.000000 0.000000 0.000000 
0.000000 0.000000 0.000192 0.000200 
0.000000 0.000200 0.000000 0.000000 
0.000000 0.000200 0.000000 0.000000 

16384 bytes:
0.000000 0.000224 0.000000 0.000000 
0.000207 0.000000 0.000000 0.000000 
0.000000 0.000000 0.000000 0.000000 
0.000000 0.000000 0.000000 0.000000 
0.000000 0.000000 0.000000 0.000000 
0.000000 0.000000 0.000216 0.000216 
0.000000 0.000256 0.000000 0.000000 
0.000000 0.000256 0.000000 0.000000 

32768 bytes:
0.000000 0.000280 0.000000 0.000000 
0.000360 0.000000 0.000000 0.000000 
0.000000 0.000000 0.000000 0.000000 
0.000000 0.000000 0.000000 0.000000 
0.000000 0.000000 0.000000 0.000000 
0.000000 0.000000 0.000328 0.000344 
0.000000 0.000368 0.000000 0.000000 
0.000000 0.000360 0.000000 0.000000 

65536 bytes:
0.000000 0.000304 0.000000 0.000000 
0.000360 0.000000 0.000000 0.000000 
0.000000 0.000000 0.000000 0.000000 
0.000000 0.000000 0.000000 0.000000 
0.000000 0.000000 0.000000 0.000000 
0.000000 0.000000 0.000368 0.000368 
0.000000 0.000392 0.000000 0.000000 
0.000000 0.000400 0.000000 0.000000 

131072 bytes:
0.000000 0.000360 0.000000 0.000000 
0.000400 0.000000 0.000000 0.000000 
0.000000 0.000000 0.000000 0.000000 
0.000000 0.000000 0.000000 0.000000 
0.000000 0.000000 0.000000 0.000000 
0.000000 0.000000 0.000440 0.000448 
0.000000 0.000488 0.000000 0.000000 
0.000000 0.000496 0.000000 0.000000 

262144 bytes:
0.000000 0.000448 0.000000 0.000000 
0.000512 0.000000 0.000000 0.000000 
0.000000 0.000000 0.000000 0.000000 
0.000000 0.000000 0.000000 0.000000 
0.000000 0.000000 0.000000 0.000000 
0.000000 0.000000 0.000592 0.000592 
0.000000 0.000696 0.000000 0.000000 
0.000000 0.000696 0.000000 0.000000 

524288 bytes:
0.000000 0.000640 0.000000 0.000000 
0.000712 0.000000 0.000000 0.000000 
0.000000 0.000000 0.000000 0.000000 
0.000000 0.000000 0.000000 0.000000 
0.000000 0.000000 0.000000 0.000000 
0.000000 0.000000 0.000960 0.000912 
0.000000 0.001104 0.000000 0.000000 
0.000000 0.001088 0.000000 0.000000 

1048576 bytes:
0.000000 0.001120 0.000000 0.000000 
0.001392 0.000000 0.000000 0.000000 
0.000000 0.000000 0.000000 0.000000 
0.000000 0.000000 0.000000 0.000000 
0.000000 0.000000 0.000000 0.000000 
0.000000 0.000000 0.005040 0.001584 
0.000000 0.001920 0.000000 0.000000 
0.000000 0.001888 0.000000 0.000000 

2097152 bytes:
0.000000 0.002064 0.000000 0.000000 
0.002216 0.000000 0.000000 0.000000 
0.000000 0.000000 0.000000 0.000000 
0.000000 0.000000 0.000000 0.000000 
0.000000 0.000000 0.000000 0.000000 
0.000000 0.000000 0.009856 0.002896 
0.000000 0.003576 0.000000 0.000000 
0.000000 0.003376 0.000000 0.000000 

4194304 bytes:
0.000000 0.004016 0.000000 0.000000 
0.004240 0.000000 0.000000 0.000000 
0.000000 0.000000 0.000000 0.000000 
0.000000 0.000000 0.000000 0.000000 
0.000000 0.000000 0.000000 0.000000 
0.000000 0.000000 0.019192 0.005624 
0.000000 0.006912 0.000000 0.000000 
0.000000 0.006528 0.000000 0.000000 

8388608 bytes:
0.000000 0.007904 0.000000 0.000000 
0.008480 0.000000 0.000000 0.000000 
0.000000 0.000000 0.000000 0.000000 
0.000000 0.000000 0.000000 0.000000 
0.000000 0.000000 0.000000 0.000000 
0.000000 0.000000 0.039200 0.011640 
0.000000 0.013680 0.000000 0.000000 
0.000000 0.012688 0.000000 0.000000 

rank: 2
1 bytes:
0.000000 0.000000 0.000344 0.000000 
0.000000 0.000000 0.000280 0.000000 
0.000280 0.000312 0.000000 0.000000 
0.000000 0.000000 0.000000 0.000000 
0.000000 0.000000 0.000000 0.000000 
0.000000 0.000000 0.000000 0.000000 
0.000000 0.000000 0.000000 0.000216 
0.000000 0.000000 0.000200 0.000000 

2 bytes:
0.000000 0.000000 0.000158 0.000000 
0.000000 0.000000 0.000159 0.000000 
0.000144 0.000144 0.000000 0.000000 
0.000000 0.000000 0.000000 0.000000 
0.000000 0.000000 0.000000 0.000000 
0.000000 0.000000 0.000000 0.000000 
0.000000 0.000000 0.000000 0.000143 
0.000000 0.000000 0.000144 0.000000 

4 bytes:
0.000000 0.000000 0.000152 0.000000 
0.000000 0.000000 0.000152 0.000000 
0.000144 0.000144 0.000000 0.000000 
0.000000 0.000000 0.000000 0.000000 
0.000000 0.000000 0.000000 0.000000 
0.000000 0.000000 0.000000 0.000000 
0.000000 0.000000 0.000000 0.000128 
0.000000 0.000000 0.000144 0.000000 

8 bytes:
0.000000 0.000000 0.000160 0.000000 
0.000000 0.000000 0.000144 0.000000 
0.000144 0.000144 0.000000 0.000000 
0.000000 0.000000 0.000000 0.000000 
0.000000 0.000000 0.000000 0.000000 
0.000000 0.000000 0.000000 0.000000 
0.000000 0.000000 0.000000 0.000152 
0.000000 0.000000 0.000144 0.000000 

16 bytes:
0.000000 0.000000 0.000160 0.000000 
0.000000 0.000000 0.000152 0.000000 
0.000184 0.000144 0.000000 0.000000 
0.000000 0.000000 0.000000 0.000000 
0.000000 0.000000 0.000000 0.000000 
0.000000 0.000000 0.000000 0.000000 
0.000000 0.000000 0.000000 0.000145 
0.000000 0.000000 0.000152 0.000000 

32 bytes:
0.000000 0.000000 0.000168 0.000000 
0.000000 0.000000 0.000152 0.000000 
0.000144 0.000152 0.000000 0.000000 
0.000000 0.000000 0.000000 0.000000 
0.000000 0.000000 0.000000 0.000000 
0.000000 0.000000 0.000000 0.000000 
0.000000 0.000000 0.000000 0.000160 
0.000000 0.000000 0.000144 0.000000 

64 bytes:
0.000000 0.000000 0.000160 0.000000 
0.000000 0.000000 0.000152 0.000000 
0.000152 0.000144 0.000000 0.000000 
0.000000 0.000000 0.000000 0.000000 
0.000000 0.000000 0.000000 0.000000 
0.000000 0.000000 0.000000 0.000000 
0.000000 0.000000 0.000000 0.000152 
0.000000 0.000000 0.000136 0.000000 

128 bytes:
0.000000 0.000000 0.000160 0.000000 
0.000000 0.000000 0.000144 0.000000 
0.000152 0.000144 0.000000 0.000000 
0.000000 0.000000 0.000000 0.000000 
0.000000 0.000000 0.000000 0.000000 
0.000000 0.000000 0.000000 0.000000 
0.000000 0.000000 0.000000 0.000152 
0.000000 0.000000 0.000160 0.000000 

256 bytes:
0.000000 0.000000 0.000144 0.000000 
0.000000 0.000000 0.000176 0.000000 
0.000152 0.000152 0.000000 0.000000 
0.000000 0.000000 0.000000 0.000000 
0.000000 0.000000 0.000000 0.000000 
0.000000 0.000000 0.000000 0.000000 
0.000000 0.000000 0.000000 0.000216 
0.000000 0.000000 0.000152 0.000000 

512 bytes:
0.000000 0.000000 0.000160 0.000000 
0.000000 0.000000 0.000152 0.000000 
0.000160 0.000152 0.000000 0.000000 
0.000000 0.000000 0.000000 0.000000 
0.000000 0.000000 0.000000 0.000000 
0.000000 0.000000 0.000000 0.000000 
0.000000 0.000000 0.000000 0.000160 
0.000000 0.000000 0.000184 0.000000 

1024 bytes:
0.000000 0.000000 0.000153 0.000000 
0.000000 0.000000 0.000184 0.000000 
0.000144 0.000152 0.000000 0.000000 
0.000000 0.000000 0.000000 0.000000 
0.000000 0.000000 0.000000 0.000000 
0.000000 0.000000 0.000000 0.000000 
0.000000 0.000000 0.000000 0.000159 
0.000000 0.000000 0.000216 0.000000 

2048 bytes:
0.000000 0.000000 0.000168 0.000000 
0.000000 0.000000 0.000168 0.000000 
0.000152 0.000160 0.000000 0.000000 
0.000000 0.000000 0.000000 0.000000 
0.000000 0.000000 0.000000 0.000000 
0.000000 0.000000 0.000000 0.000000 
0.000000 0.000000 0.000000 0.000168 
0.000000 0.000000 0.000192 0.000000 

4096 bytes:
0.000000 0.000000 0.000176 0.000000 
0.000000 0.000000 0.000192 0.000000 
0.000168 0.000168 0.000000 0.000000 
0.000000 0.000000 0.000000 0.000000 
0.000000 0.000000 0.000000 0.000000 
0.000000 0.000000 0.000000 0.000000 
0.000000 0.000000 0.000000 0.000200 
0.000000 0.000000 0.000200 0.000000 

8192 bytes:
0.000000 0.000000 0.000208 0.000000 
0.000000 0.000000 0.000200 0.000000 
0.000184 0.000176 0.000000 0.000000 
0.000000 0.000000 0.000000 0.000000 
0.000000 0.000000 0.000000 0.000000 
0.000000 0.000000 0.000000 0.000000 
0.000000 0.000000 0.000000 0.000184 
0.000000 0.000000 0.000208 0.000000 

16384 bytes:
0.000000 0.000000 0.000256 0.000000 
0.000000 0.000000 0.000256 0.000000 
0.000207 0.000216 0.000000 0.000000 
0.000000 0.000000 0.000000 0.000000 
0.000000 0.000000 0.000000 0.000000 
0.000000 0.000000 0.000000 0.000000 
0.000000 0.000000 0.000000 0.000272 
0.000000 0.000000 0.000240 0.000000 

32768 bytes:
0.000000 0.000000 0.000368 0.000000 
0.000000 0.000000 0.000319 0.000000 
0.000344 0.000328 0.000000 0.000000 
0.000000 0.000000 0.000000 0.000000 
0.000000 0.000000 0.000000 0.000000 
0.000000 0.000000 0.000000 0.000000 
0.000000 0.000000 0.000000 0.000344 
0.000000 0.000000 0.000336 0.000000 

65536 bytes:
0.000000 0.000000 0.000392 0.000000 
0.000000 0.000000 0.000352 0.000000 
0.000344 0.000344 0.000000 0.000000 
0.000000 0.000000 0.000000 0.000000 
0.000000 0.000000 0.000000 0.000000 
0.000000 0.000000 0.000000 0.000000 
0.000000 0.000000 0.000000 0.000360 
0.000000 0.000000 0.000376 0.000000 

131072 bytes:
0.000000 0.000000 0.000488 0.000000 
0.000000 0.000000 0.000448 0.000000 
0.000417 0.000424 0.000000 0.000000 
0.000000 0.000000 0.000000 0.000000 
0.000000 0.000000 0.000000 0.000000 
0.000000 0.000000 0.000000 0.000000 
0.000000 0.000000 0.000000 0.000417 
0.000000 0.000000 0.000432 0.000000 

262144 bytes:
0.000000 0.000000 0.000696 0.000000 
0.000000 0.000000 0.000616 0.000000 
0.000568 0.000576 0.000000 0.000000 
0.000000 0.000000 0.000000 0.000000 
0.000000 0.000000 0.000000 0.000000 
0.000000 0.000000 0.000000 0.000000 
0.000000 0.000000 0.000000 0.000512 
0.000000 0.000000 0.000560 0.000000 

524288 bytes:
0.000000 0.000000 0.001160 0.000000 
0.000000 0.000000 0.000952 0.000000 
0.000880 0.000896 0.000000 0.000000 
0.000000 0.000000 0.000000 0.000000 
0.000000 0.000000 0.000000 0.000000 
0.000000 0.000000 0.000000 0.000000 
0.000000 0.000000 0.000000 0.000721 
0.000000 0.000000 0.000920 0.000000 

1048576 bytes:
0.000000 0.000000 0.001976 0.000000 
0.000000 0.000000 0.001816 0.000000 
0.001544 0.001568 0.000000 0.000000 
0.000000 0.000000 0.000000 0.000000 
0.000000 0.000000 0.000000 0.000000 
0.000000 0.000000 0.000000 0.000000 
0.000000 0.000000 0.000000 0.005240 
0.000000 0.000000 0.001312 0.000000 

2097152 bytes:
0.000000 0.000000 0.003592 0.000000 
0.000000 0.000000 0.003624 0.000000 
0.002906 0.002920 0.000000 0.000000 
0.000000 0.000000 0.000000 0.000000 
0.000000 0.000000 0.000000 0.000000 
0.000000 0.000000 0.000000 0.000000 
0.000000 0.000000 0.000000 0.009184 
0.000000 0.000000 0.002304 0.000000 

4194304 bytes:
0.000000 0.000000 0.006720 0.000000 
0.000000 0.000000 0.007440 0.000000 
0.005528 0.005656 0.000000 0.000000 
0.000000 0.000000 0.000000 0.000000 
0.000000 0.000000 0.000000 0.000000 
0.000000 0.000000 0.000000 0.000000 
0.000000 0.000000 0.000000 0.018008 
0.000000 0.000000 0.004432 0.000000 

8388608 bytes:
0.000000 0.000000 0.013048 0.000000 
0.000000 0.000000 0.015167 0.000000 
0.011480 0.012256 0.000000 0.000000 
0.000000 0.000000 0.000000 0.000000 
0.000000 0.000000 0.000000 0.000000 
0.000000 0.000000 0.000000 0.000000 
0.000000 0.000000 0.000000 0.034544 
0.000000 0.000000 0.008608 0.000000 

rank: 3
1 bytes:
0.000000 0.000000 0.000000 0.000280 
0.000000 0.000000 0.000000 0.000280 
0.000000 0.000000 0.000000 0.000296 
0.000336 0.000248 0.000207 0.000000 
0.000000 0.000000 0.000000 0.000000 
0.000000 0.000000 0.000000 0.000000 
0.000000 0.000000 0.000000 0.000000 
0.000000 0.000000 0.000000 0.000000 

2 bytes:
0.000000 0.000000 0.000000 0.000176 
0.000000 0.000000 0.000000 0.000152 
0.000000 0.000000 0.000000 0.000136 
0.000146 0.000152 0.000137 0.000000 
0.000000 0.000000 0.000000 0.000000 
0.000000 0.000000 0.000000 0.000000 
0.000000 0.000000 0.000000 0.000000 
0.000000 0.000000 0.000000 0.000000 

4 bytes:
0.000000 0.000000 0.000000 0.000152 
0.000000 0.000000 0.000000 0.000144 
0.000000 0.000000 0.000000 0.000136 
0.000144 0.000144 0.000144 0.000000 
0.000000 0.000000 0.000000 0.000000 
0.000000 0.000000 0.000000 0.000000 
0.000000 0.000000 0.000000 0.000000 
0.000000 0.000000 0.000000 0.000000 

8 bytes:
0.000000 0.000000 0.000000 0.000144 
0.000000 0.000000 0.000000 0.000152 
0.000000 0.000000 0.000000 0.000144 
0.000152 0.000160 0.000144 0.000000 
0.000000 0.000000 0.000000 0.000000 
0.000000 0.000000 0.000000 0.000000 
0.000000 0.000000 0.000000 0.000000 
0.000000 0.000000 0.000000 0.000000 

16 bytes:
0.000000 0.000000 0.000000 0.000150 
0.000000 0.000000 0.000000 0.000168 
0.000000 0.000000 0.000000 0.000128 
0.000160 0.000160 0.000152 0.000000 
0.000000 0.000000 0.000000 0.000000 
0.000000 0.000000 0.000000 0.000000 
0.000000 0.000000 0.000000 0.000000 
0.000000 0.000000 0.000000 0.000000 

32 bytes:
0.000000 0.000000 0.000000 0.000152 
0.000000 0.000000 0.000000 0.000160 
0.000000 0.000000 0.000000 0.000128 
0.000160 0.000160 0.000152 0.000000 
0.000000 0.000000 0.000000 0.000000 
0.000000 0.000000 0.000000 0.000000 
0.000000 0.000000 0.000000 0.000000 
0.000000 0.000000 0.000000 0.000000 

64 bytes:
0.000000 0.000000 0.000000 0.000168 
0.000000 0.000000 0.000000 0.000160 
0.000000 0.000000 0.000000 0.000135 
0.000160 0.000152 0.000152 0.000000 
0.000000 0.000000 0.000000 0.000000 
0.000000 0.000000 0.000000 0.000000 
0.000000 0.000000 0.000000 0.000000 
0.000000 0.000000 0.000000 0.000000 

128 bytes:
0.000000 0.000000 0.000000 0.000160 
0.000000 0.000000 0.000000 0.000160 
0.000000 0.000000 0.000000 0.000144 
0.000160 0.000160 0.000152 0.000000 
0.000000 0.000000 0.000000 0.000000 
0.000000 0.000000 0.000000 0.000000 
0.000000 0.000000 0.000000 0.000000 
0.000000 0.000000 0.000000 0.000000 

256 bytes:
0.000000 0.000000 0.000000 0.000184 
0.000000 0.000000 0.000000 0.000152 
0.000000 0.000000 0.000000 0.000136 
0.000160 0.000152 0.000152 0.000000 
0.000000 0.000000 0.000000 0.000000 
0.000000 0.000000 0.000000 0.000000 
0.000000 0.000000 0.000000 0.000000 
0.000000 0.000000 0.000000 0.000000 

512 bytes:
0.000000 0.000000 0.000000 0.000152 
0.000000 0.000000 0.000000 0.000160 
0.000000 0.000000 0.000000 0.000152 
0.000160 0.000160 0.000152 0.000000 
0.000000 0.000000 0.000000 0.000000 
0.000000 0.000000 0.000000 0.000000 
0.000000 0.000000 0.000000 0.000000 
0.000000 0.000000 0.000000 0.000000 

1024 bytes:
0.000000 0.000000 0.000000 0.000184 
0.000000 0.000000 0.000000 0.000160 
0.000000 0.000000 0.000000 0.000128 
0.000168 0.000160 0.000168 0.000000 
0.000000 0.000000 0.000000 0.000000 
0.000000 0.000000 0.000000 0.000000 
0.000000 0.000000 0.000000 0.000000 
0.000000 0.000000 0.000000 0.000000 

2048 bytes:
0.000000 0.000000 0.000000 0.000168 
0.000000 0.000000 0.000000 0.000168 
0.000000 0.000000 0.000000 0.000154 
0.000160 0.000168 0.000152 0.000000 
0.000000 0.000000 0.000000 0.000000 
0.000000 0.000000 0.000000 0.000000 
0.000000 0.000000 0.000000 0.000000 
0.000000 0.000000 0.000000 0.000000 

4096 bytes:
0.000000 0.000000 0.000000 0.000208 
0.000000 0.000000 0.000000 0.000168 
0.000000 0.000000 0.000000 0.000160 
0.000176 0.000184 0.000168 0.000000 
0.000000 0.000000 0.000000 0.000000 
0.000000 0.000000 0.000000 0.000000 
0.000000 0.000000 0.000000 0.000000 
0.000000 0.000000 0.000000 0.000000 

8192 bytes:
0.000000 0.000000 0.000000 0.000208 
0.000000 0.000000 0.000000 0.000200 
0.000000 0.000000 0.000000 0.000176 
0.000192 0.000192 0.000208 0.000000 
0.000000 0.000000 0.000000 0.000000 
0.000000 0.000000 0.000000 0.000000 
0.000000 0.000000 0.000000 0.000000 
0.000000 0.000000 0.000000 0.000000 

16384 bytes:
0.000000 0.000000 0.000000 0.000248 
0.000000 0.000000 0.000000 0.000240 
0.000000 0.000000 0.000000 0.000192 
0.000232 0.000216 0.000200 0.000000 
0.000000 0.000000 0.000000 0.000000 
0.000000 0.000000 0.000000 0.000000 
0.000000 0.000000 0.000000 0.000000 
0.000000 0.000000 0.000000 0.000000 

32768 bytes:
0.000000 0.000000 0.000000 0.000360 
0.000000 0.000000 0.000000 0.000328 
0.000000 0.000000 0.000000 0.000288 
0.000336 0.000336 0.000320 0.000000 
0.000000 0.000000 0.000000 0.000000 
0.000000 0.000000 0.000000 0.000000 
0.000000 0.000000 0.000000 0.000000 
0.000000 0.000000 0.000000 0.000000 

65536 bytes:
0.000000 0.000000 0.000000 0.000392 
0.000000 0.000000 0.000000 0.000360 
0.000000 0.000000 0.000000 0.000304 
0.000352 0.000361 0.000352 0.000000 
0.000000 0.000000 0.000000 0.000000 
0.000000 0.000000 0.000000 0.000000 
0.000000 0.000000 0.000000 0.000000 
0.000000 0.000000 0.000000 0.000000 

131072 bytes:
0.000000 0.000000 0.000000 0.000496 
0.000000 0.000000 0.000000 0.000456 
0.000000 0.000000 0.000000 0.000352 
0.000432 0.000432 0.000392 0.000000 
0.000000 0.000000 0.000000 0.000000 
0.000000 0.000000 0.000000 0.000000 
0.000000 0.000000 0.000000 0.000000 
0.000000 0.000000 0.000000 0.000000 

262144 bytes:
0.000000 0.000000 0.000000 0.000696 
0.000000 0.000000 0.000000 0.000600 
0.000000 0.000000 0.000000 0.000448 
0.000584 0.000584 0.000503 0.000000 
0.000000 0.000000 0.000000 0.000000 
0.000000 0.000000 0.000000 0.000000 
0.000000 0.000000 0.000000 0.000000 
0.000000 0.000000 0.000000 0.000000 

524288 bytes:
0.000000 0.000000 0.000000 0.001104 
0.000000 0.000000 0.000000 0.000952 
0.000000 0.000000 0.000000 0.000640 
0.000896 0.000888 0.000816 0.000000 
0.000000 0.000000 0.000000 0.000000 
0.000000 0.000000 0.000000 0.000000 
0.000000 0.000000 0.000000 0.000000 
0.000000 0.000000 0.000000 0.000000 

1048576 bytes:
0.000000 0.000000 0.000000 0.002016 
0.000000 0.000000 0.000000 0.001728 
0.000000 0.000000 0.000000 0.001104 
0.001608 0.001568 0.001200 0.000000 
0.000000 0.000000 0.000000 0.000000 
0.000000 0.000000 0.000000 0.000000 
0.000000 0.000000 0.000000 0.000000 
0.000000 0.000000 0.000000 0.000000 

2097152 bytes:
0.000000 0.000000 0.000000 0.003792 
0.000000 0.000000 0.000000 0.003312 
0.000000 0.000000 0.000000 0.002073 
0.002911 0.002848 0.002200 0.000000 
0.000000 0.000000 0.000000 0.000000 
0.000000 0.000000 0.000000 0.000000 
0.000000 0.000000 0.000000 0.000000 
0.000000 0.000000 0.000000 0.000000 

4194304 bytes:
0.000000 0.000000 0.000000 0.007520 
0.000000 0.000000 0.000000 0.006608 
0.000000 0.000000 0.000000 0.004040 
0.005616 0.005640 0.004328 0.000000 
0.000000 0.000000 0.000000 0.000000 
0.000000 0.000000 0.000000 0.000000 
0.000000 0.000000 0.000000 0.000000 
0.000000 0.000000 0.000000 0.000000 

8388608 bytes:
0.000000 0.000000 0.000000 0.015384 
0.000000 0.000000 0.000000 0.012776 
0.000000 0.000000 0.000000 0.008104 
0.012272 0.011376 0.008502 0.000000 
0.000000 0.000000 0.000000 0.000000 
0.000000 0.000000 0.000000 0.000000 
0.000000 0.000000 0.000000 0.000000 
0.000000 0.000000 0.000000 0.000000 

